weights
185.870345
126.603027
181.06321
517.926275
1252.62463
415.161314
422.810541
1280.58598
1245.06044
382.738158
3131.56157
506.412109
422.810541
274.170333
2561.17196
181.06321
211.405271
181.06321
253.206055
185.870345
382.738158
330.71725299999997
153.40381399999998
438.14334699999995
661.434505
271.502466
382.738158
422.810541
126.603027
185.870345
126.603027
181.06321
185.870345
211.405271
271.502466
830.322628
826.562367
272.770604
661.434505
1252.62463
306.80762799999997
126.603027
690.364003
185.870345
63.3015137
460.39921699999996
185.870345
306.80762799999997
991.814399
306.80762799999997
1203.42374
185.870345
219.071673
185.870345
362.126421
185.870345
802.282492
126.603027
230.02747799999997
219.071673
278.710716
274.170333
253.206055
382.738158
153.40381399999998
185.870345
661.434505
543.0049309999999
211.405271
258.963137
211.405271
191.369079
135.30653
185.870345
153.40381399999998
126.603027
382.738158
306.80762799999997
822.5110000000001
76.6758261
438.14334699999995
362.126421
185.870345
181.06321
306.80762799999997
306.80762799999997
185.870345
382.738158
153.40381399999998
230.02747799999997
557.421432
126.603027
371.74069
438.14334699999995
153.40381399999998
2732.88602
422.810541
661.434505
460.21144100000004
683.642804
401.141246
181.06321
2454.93543
281.97059
271.502466
460.39921699999996
362.126421
1366.44301
211.405271
422.810541
191.369079
211.405271
724.252841
560.813529
460.39921699999996
415.161314
460.39921699999996
153.40381399999998
422.810541
126.603027
1252.62463
253.206055
306.80762799999997
189.839968
126.603027
153.40381399999998
422.810541
271.502466
274.170333
2732.88602
460.054957
189.839968
254.724881
770.067932
509.449761
308.64797599999997
254.724881
1042.06599
1330.80408
1103.25964
1330.80408
617.2959519999999
1103.25964
927.440408
373.970532
1278.10245
308.64797599999997
2756.35748
308.64797599999997
551.629822
770.067932
385.033966
509.449761
509.449761
770.067932
617.2959519999999
1260.13834
835.303218
373.970532
425.34671900000006
1654.8894599999999
2783.45647
1330.80408
1103.25964
1670.60644
850.6934380000001
816.708896
254.724881
926.321733
1894.213
254.724881
373.970532
1269.81816
926.321733
728.597184
509.449761
364.298592
1092.89578
2576.53484
665.40204
382.704838
373.970532
1670.60644
1103.25964
509.449761
422.589746
881.542993
770.067932
1324.45157
925.9439279999999
770.067932
770.067932
747.941063
254.724881
254.724881
385.033966
364.298592
850.6934380000001
926.321733
364.298592
850.6934380000001
373.970532
254.724881
925.9439279999999
1103.25964
747.941063
828.782021
373.970532
308.64797599999997
617.2959519999999
807.094887
835.303218
1330.80408
425.34671900000006
850.6934380000001
881.542993
1092.89578
728.597184
272.23629900000003
770.067932
1670.60644
463.160866
373.970532
463.160866
617.2959519999999
373.970532
3625.73079
1330.80408
1103.25964
1670.60644
3780.4150299999997
463.160866
1389.4826
665.40204
1156.96874
1330.80408
364.298592
1260.77105
254.724881
254.724881
1330.80408
463.720204
850.6934380000001
728.597184
272.23629900000003
732.7932030000001
926.321733
630.385526
828.782021
283.66195600000003
617.2959519999999
385.033966
1254.97981
1670.60644
509.449761
835.303218
425.34671900000006
364.298592
440.77149699999995
555.431713
1330.80408
662.225785
364.298592
747.941063
1704.72241
617.2959519999999
548.81357
739.3806549999999
1121.91159
732.7932030000001
272.23629900000003
617.2959519999999
509.449761
728.597184
1701.38688
373.970532
272.23629900000003
148.824284
664.8299440000001
297.648569
172.095751
459.681175
112.885332
289.950532
565.327154
219.525087
229.840588
529.603133
122.8287
101.369613
227.57136
122.8287
101.369613
144.975266
81.81832390000001
202.739226
294.241893
122.8287
501.73298200000005
1538.02608
108.33840900000001
219.525087
148.824284
218.40433900000002
306.454117
245.6574
368.4861
153.227058
483.768592
202.739226
435.05046500000003
328.550941
297.648569
336.024344
264.80156600000004
245.6574
338.539622
144.975266
579.901064
162.144048
269.891557
368.63645
144.975266
144.650924
122.8287
101.369613
202.739226
501.481191
144.975266
169.269811
202.739226
169.269811
112.885332
338.539622
122.8287
101.369613
289.950532
439.050174
245.6574
245.6574
658.5752610000001
497.506929
202.739226
321.189262
148.824284
245.6574
512.67536
264.80156600000004
337.898348
144.975266
1464.41879
350.816426
144.975266
144.975266
724.8763299999999
245.6574
101.369613
368.63645
737.272899
101.369613
439.050174
269.891557
122.8287
433.95277300000004
439.050174
730.095008
782.676922
529.4322950000001
1031.47935
436.954766
1311.39916
529.4322950000001
1090.18973
301.08293399999997
529.4322950000001
385.40654
1729.0666199999998
1156.2196199999998
1597.41885
529.4322950000001
2285.21802
873.909533
1156.2196199999998
385.40654
653.443246
2342.8368100000002
873.909533
1204.33174
798.709427
515.739673
401.58191
529.4322950000001
436.954766
1031.47935
436.954766
360.615521
655.69958
3567.97063
1960.32974
624.0028169999999
1204.33174
529.4322950000001
1967.09874
602.1658679999999
773.60951
2365.08742
1058.8645900000001
515.739673
1058.8645900000001
515.739673
1783.9853100000003
1031.47935
1561.89121
1204.33174
529.4322950000001
1204.33174
1058.8645900000001
798.709427
2396.12828
798.709427
1946.0852100000002
1794.78841
5838.25563
529.4322950000001
2375.21582
815.161168
780.945604
360.615521
1031.47935
1042.77885
503.977432
1086.50514
719.716001
297.423413
207.96441399999998
1023.91354
2057.62336
222.26121899999998
658.9345139999999
594.846826
694.529574
719.716001
694.529574
1086.50514
628.704688
450.365793
189.068649
207.96441399999998
756.2745980000001
1086.50514
719.716001
450.365793
594.846826
457.97977699999996
378.13729900000004
628.704688
694.529574
305.31985099999997
156.12070400000002
1122.2935400000001
312.24140800000004
694.529574
900.731586
251.988716
415.928829
4634.02754
207.96441399999998
207.96441399999998
694.529574
521.3894230000001
314.352344
694.529574
503.977432
755.9661480000001
1134.4119
1631.29781
756.2745980000001
359.858
314.352344
297.423413
2057.62336
222.26121899999998
756.2745980000001
297.423413
1041.7943599999999
900.731586
1135.4839
3373.2874100000004
1786.22685
347.264787
543.252568
207.96441399999998
2244.58709
594.846826
2057.62336
1086.50514
1042.77885
125.994358
347.264787
347.264787
694.529574
444.52243799999997
1086.50514
2173.0102699999998
905.476124
594.846826
251.988716
378.340264
594.846826
347.264787
756.2745980000001
1363.92915
251.988716
893.113426
3155.3311
1086.50514
251.988716
893.113426
297.423413
305.31985099999997
347.264787
4489.17417
463.17888099999993
514.664121
1207.3015
628.704688
514.664121
297.423413
347.264787
458.412563
1363.92915
755.9661480000001
628.704688
450.365793
594.846826
756.680528
378.13729900000004
359.858
691.568004
347.264787
815.648905
594.846826
251.988716
415.928829
251.988716
628.704688
543.252568
207.96441399999998
756.2745980000001
2057.62336
425.38569800000005
567.741952
543.252568
719.716001
415.928829
207.96441399999998
305.31985099999997
892.2702390000001
1028.81168
628.704688
378.13729900000004
543.252568
905.476124
905.476124
628.704688
375.301734
737.513734
299.672981
741.621742
363.111207
181.55560400000002
149.83649
219.98020699999998
428.58178899999996
363.111207
1424.26918
363.111207
428.58178899999996
474.756392
219.98020699999998
333.716218
498.128879
1362.22262
250.201156
149.83649
737.513734
181.55560400000002
2273.3876800000003
408.93832599999996
982.698685
428.58178899999996
741.2495650000001
452.97607400000004
862.100015
219.98020699999998
259.274453
320.27441899999997
181.55560400000002
375.551106
324.484504
648.969007
556.585888
272.514359
1617.20481
214.29089399999998
1515.59179
321.649922
498.128879
721.096262
750.603468
663.730818
648.969007
250.201156
299.672981
949.512784
214.29089399999998
500.402312
259.274453
363.111207
306.48657000000003
679.915585
324.484504
162.242252
226.48803700000002
452.97607400000004
428.58178899999996
363.111207
324.484504
331.865409
214.29089399999998
474.756392
2948.09605
217.46246800000003
544.889047
452.97607400000004
149.83649
219.98020699999998
1019.8733800000001
250.201156
428.58178899999996
452.97607400000004
181.55560400000002
363.111207
741.621742
3412.3473799999997
149.83649
1079.16831
217.46246800000003
250.201156
648.969007
219.98020699999998
982.698685
226.48803700000002
1565.63436
250.201156
1617.20481
648.969007
219.98020699999998
214.29089399999998
166.858109
491.349342
3412.3473799999997
434.92493600000006
248.579425
491.349342
1079.16831
214.29089399999998
974.1003289999999
299.672981
817.876653
648.969007
491.349342
500.402312
299.672981
500.402312
219.98020699999998
994.3177009999999
321.649922
217.46246800000003
809.914025
1483.24348
745.7382759999999
974.1003289999999
181.55560400000002
320.27441899999997
1079.16831
428.58178899999996
642.872683
518.548906
973.4535109999999
995.596227
1175.00599
643.299844
587.502996
500.402312
181.55560400000002
782.81718
556.585888
149.83649
545.028719
370.810871
272.444523
428.58178899999996
452.97607400000004
333.716218
1482.4991300000002
746.233787
226.48803700000002
181.55560400000002
160.137209
166.858109
648.969007
648.969007
996.257758
214.29089399999998
1482.4991300000002
500.402312
500.402312
428.58178899999996
34.1650052
411.701423
34.1650052
107.63631200000002
60.5600958
121.12019199999999
35.556976299999995
285.823576
296.84704
153.33723700000002
35.556976299999995
107.63631200000002
142.911788
35.556976299999995
43.2278187
130.230907
34.1650052
214.36768199999997
86.4556374
30.758298600000003
35.556976299999995
61.51659720000001
153.33723700000002
107.63631200000002
152.19216200000002
30.758298600000003
81.7751541
214.36768199999997
35.556976299999995
61.51659720000001
81.7751541
71.4558941
86.4556374
35.556976299999995
53.56061700000001
65.1154537
153.33723700000002
284.122175
30.758298600000003
101.46144100000001
60.5600958
61.51659720000001
86.4556374
172.80449099999998
296.84704
166.03914
163.550308
727.563017
363.78150800000003
373.43972
283.259328
254.363325
424.742984
440.14586799999995
3861.89409
925.006916
616.419765
369.165591
550.846841
849.485968
2082.65557
727.563017
925.006916
548.034587
254.363325
508.726651
849.485968
373.43972
141.629664
424.742984
1822.07222
508.726651
1258.34971
1040.58688
546.036699
1668.23519
546.036699
805.9493
363.78150800000003
424.742984
924.6296470000001
254.363325
834.1175929999999
1328.91514
462.623589
508.726651
1888.78518
508.726651
616.419765
1101.69368
308.209882
373.43972
924.6296470000001
727.563017
637.539984
3674.6163100000003
637.539984
384.48745099999996
508.726651
731.753079
3861.89409
849.485968
2572.87772
384.48745099999996
1101.69368
925.006916
826.8221
925.006916
880.291735
849.485968
1108.2364300000002
727.563017
1372.6883
254.363325
718.300181
567.424
131.68133799999998
193.325991
455.718188
398.090581
436.91988899999996
855.5036269999999
193.325991
418.524861
376.652065
1256.8519
131.68133799999998
131.68133799999998
398.090581
283.712
659.655527
478.67148
263.36267599999996
199.045291
386.651982
219.88517599999997
283.712
193.325991
227.859094
431.81429800000006
146.640508
3198.86184
319.11432
286.763262
199.045291
159.55716
131.68133799999998
439.77035199999995
382.226635
159.55716
329.935093
570.335751
4990.175560000001
193.325991
131.68133799999998
286.763262
1251.6955699999999
285.167876
570.335751
398.090581
386.651982
398.090581
404.157506
376.652065
319.11432
319.11432
538.701375
263.36267599999996
1954.30501
159.55716
431.81429800000006
376.652065
319.11432
687.9660190000001
131.68133799999998
1032.28484
1295.86445
455.718188
291.65446299999996
1871.92478
855.5036269999999
199.045291
417.231856
478.866788
376.652065
386.651982
570.335751
159.55716
131.68133799999998
290.083353
140.733956
386.651982
329.935093
847.7429210000001
263.36267599999996
422.201868
151.906063
188.326032
398.090581
343.98301000000004
764.453271
439.77035199999995
651.435003
319.11432
1032.28484
285.167876
875.2481119999999
863.6285960000001
131.68133799999998
565.1619469999999
199.045291
319.11432
131.68133799999998
386.651982
188.326032
1458.27232
319.11432
343.98301000000004
193.325991
227.859094
239.433394
570.335751
659.870187
290.083353
159.55716
659.655527
319.11432
562.935824
488.82156399999997
1295.44289
263.36267599999996
239.433394
455.718188
1302.8700099999999
478.866788
193.325991
1902.31195
431.81429800000006
376.652065
478.866788
131.68133799999998
2853.46792
219.88517599999997
386.651982
633.5088860000001
159.55716
455.718188
188.326032
219.88517599999997
659.870187
398.090581
855.5036269999999
659.870187
193.325991
651.435003
263.36267599999996
293.281017
609.5253349999999
290.57833999999997
392.130017
344.765962
354.965417
172.382981
213.60740800000002
234.83258999999998
130.75493799999998
340.820013
505.954941
117.41629499999999
117.41629499999999
392.130017
392.130017
426.991135
335.849336
177.097041
1161.7300599999999
172.382981
770.071685
426.991135
284.54465600000003
142.27232800000002
